LogLevel=1
#if ParamVersion changed, cocf.fw will be regenerated
ParamVersion=7
FWVersion=707584
PanelCalibration=1
PanelNitsCalibration=1
CMDebug=0
inParam100nits=1
ForcePanelIdMatch=1
GammaCorrection=1
GammaWK=1
ReplaceOdf=1
ReplaceIndex=6, 7
TargetOdf=5
GameColorEnhance=1
ColorGamutExtension=1
Frame=12
Step=1
sLuxStart=10000
sLuxEnd=60000
Mdealy=100
RGB_XY_100_75_Step=0.031008,-0.009456,-0.006348,0.068120,-0.007520,-0.006656,0.031008,-0.009456,-0.006348,0.068120,-0.007520,-0.006656
DualInterpolation=1
#PanelName=PanelId, PanelName:be set at dts, PanelId: 0~99:primary panel(default without setting), 100~199: secondary panel

AA610_P_3_A0034_dsc_video_mode_panel_Vivid=0.6822 0.3205 0.2640 0.6900 0.1470 0.0570 0.2990 0.3140 0.4545454545  0.6800 0.3250 0.2640 0.6900 0.1480 0.0580 0.2990 0.3140  0.4545454545  1  0  0  0  0  0  0  0.456621004  1  0  0  0  -0.1  -0.1
AA610_P_3_A0034_dsc_video_mode_panel_Nature=0.6390 0.3310 0.3015 0.5955 0.1510 0.0610 0.3065 0.3220 0.4545454545  0.6372 0.3310 0.3010 0.5948 0.1538 0.0645 0.3065 0.3220  0.4545454545  1  0  0  0  0  0  0  0.4545454545  1  0  0  -0.02  -0.06  -0.05
AA610_P_3_A0034_dsc_video_mode_panel_Cinema=0.6825 0.3212 0.2650 0.6892 0.1507 0.0612 0.3065 0.3220 0.4545454545  0.6750 0.3210 0.2670 0.6800 0.1526 0.0640 0.3065 0.3220  0.4545454545  1  0  0  0  0  0  0  0.4545454545  1  0  0  0  0  0
AA610_P_3_A0034_dsc_video_mode_panel_LsRGB=0.6440 0.3290 0.3000 0.6020 0.1450 0.0550 0.2990  0.3140 0.4545454545  0.6440 0.3290 0.3000 0.6000 0.1450 0.0550 0.2990  0.3140  0.4545454545  1  0  0  0  0  0  0  0.4545454545  1  0  0  0  0  0
AA610_P_3_A0034_dsc_video_mode_panel_EsRGB=0.6702  0.3250  0.2757 0.6826 0.1396 0.0468 0.2990  0.3140 0.4545454545 20 1  0.64  0.33  0.30  0.60  0.15  0.06  0.2990  0.3140  0.4545454545  0.026  0.013  0.252  0.515  -24  0.04  0.02  0.252  0.515  -24  10
AA610_P_3_A0034_dsc_video_mode_panel_EP3=0.6702  0.3250  0.2757 0.6826 0.1396 0.0468  0.2990  0.3140 0.4545454545 20 1  0.64  0.33  0.30  0.60  0.15  0.06  0.2990  0.3140  0.4545454545  0.026  0.013  0.252  0.515  -24  0.04  0.02  0.252  0.515  -24  10
AA610_P_3_A0034_dsc_video_mode_panel_game_color_enhance_Vivid=0.6874  0.3122 0.2392 0.7236 0.1378 0.0450 0.2990 0.3140 0.4545454545  0.6874 0.3122 0.2392 0.7236 0.1378 0.0450 0.2990 0.3140  0.4545454545  1  0  0  0  0  0  0  0.4545454545  1  0 0.085 0.12 0.13 0.14
AA610_P_3_A0034_dsc_video_mode_panel_game_color_enhance_Nature=0.6820 0.3200 0.2650 0.6900 0.1450 0.0550 0.3065 0.3220 0.4545454545  0.6820 0.3200 0.2650 0.6900 0.1450 0.0550 0.3065 0.3220  0.4545454545  1  0  0  0  0  0  0  0.4545454545  1  0 0.03  0.12 0.10 0.01
AA610_P_3_A0034_dsc_video_mode_panel_game_color_enhance_Cinema=0.6874 0.3122 0.2392 0.7236 0.1378 0.0450 0.3065 0.3220 0.4545454545  0.6874 0.3122 0.2392 0.7236 0.1378 0.0450 0.3065 0.3220  0.4545454545  1  0  0  0  0  0  0  0.4545454545  1  0 0.03  0.12 0.10 0.01
AA610_P_3_A0034_dsc_video_mode_panel_game_color_enhance_LsRGB=0.6820  0.3200 0.2650 0.6900 0.1450 0.0550 0.2990 0.3140 0.4545454545  0.6820 0.3200 0.2650 0.6900 0.1450 0.0550 0.2990 0.3140  0.4545454545  1  0  0  0  0  0  0  0.4545454545  1  0 0.09  0.12 0.13 0.14
AA610_P_3_A0034_dsc_video_mode_panel_game_color_enhance_EsRGB=0.6874  0.3122 0.2392 0.7236 0.1378 0.0450 0.2990 0.3140 0.4545454545 20  1  0.6874  0.3122 0.2392 0.7236 0.1378 0.0450 0.2990 0.3140  0.4545454545  0.026  0.013  0.252  0.515  -24  0.04  0.02  0.252  0.515  -24  10
AA610_P_3_A0034_dsc_video_mode_panel_game_color_enhance_EP3=0.6874    0.3122 0.2392 0.7236 0.1378 0.0450 0.2990 0.3140 0.4545454545 20  1  0.6874  0.3122 0.2392 0.7236 0.1378 0.0450 0.2990 0.3140  0.4545454545  0.026  0.013  0.252  0.515  -24  0.04  0.02  0.252  0.515  -24  10

AA610_P_3_A0034_dsc_video_mode_panel_Vivid_100nits=0.6830 0.3205 0.2640 0.6900 0.1470 0.0570 0.3000 0.3155 0.4545454545  0.6800 0.3250 0.2640 0.6900 0.1480 0.0580 0.3000 0.3155 0.4545454545  1  0  0  0  0  0  0  0.456621004  1  0  0  0  -0.1  -0.1
AA610_P_3_A0034_dsc_video_mode_panel_Nature_100nits=0.6400 0.3310 0.3015 0.5970 0.1510 0.0612 0.3065 0.3220 0.4545454545  0.6400 0.3310 0.3010 0.5965 0.1530 0.0645 0.3065 0.3220  0.4545454545  1  0  0  0  0  0  0  0.4545454545  1  0  0  0  0  0
AA610_P_3_A0034_dsc_video_mode_panel_Cinema_100nits=0.6825 0.3212 0.2650 0.6892 0.1507 0.0612 0.3065 0.3220 0.4545454545  0.6740 0.3210 0.2670 0.6700 0.1536 0.0670 0.3065 0.3220  0.4545454545  1  0  0  0  0  0  0  0.4545454545  1  0  0  0  0  0
AA610_P_3_A0034_dsc_video_mode_panel_LsRGB_100nits=0.6440 0.3290 0.3000 0.6020 0.1450 0.0550 0.3000  0.3155 0.4545454545  0.6420 0.3300 0.3000 0.6000 0.1450 0.0550 0.3000  0.3155 0.4545454545  1  0  0  0  0  0  0  0.4545454545  1  0  0  0  0  0
AA610_P_3_A0034_dsc_video_mode_panel_EsRGB_100nits=0.6702  0.3250  0.2757 0.6826 0.1396 0.0468 0.2990  0.3140 0.4545454545 20  1  0.64  0.33  0.30  0.60  0.15  0.06  0.3000  0.3155 0.4545454545  0.026  0.013  0.252  0.515  -24  0.04  0.02  0.252  0.515  -24  10
AA610_P_3_A0034_dsc_video_mode_panel_EP3_100nits=0.6702  0.3250  0.2757 0.6826 0.1396 0.0468  0.2990  0.3140 0.4545454545 20  1  0.64  0.33  0.30  0.60  0.15  0.06  0.3000  0.3155 0.4545454545  0.026  0.013  0.252  0.515  -24  0.04  0.02  0.252  0.515  -24  10
AA610_P_3_A0034_dsc_video_mode_panel_game_color_enhance_Vivid_100nits=0.6874  0.3122 0.2392 0.7236 0.1378 0.0450 0.3000 0.3155 0.4545454545  0.6874 0.3122 0.2392 0.7236 0.1378 0.0450 0.3000 0.3155  0.4545454545  1  0  0  0  0  0  0  0.4545454545  1  0 0.085 0.12 0.13 0.14
AA610_P_3_A0034_dsc_video_mode_panel_game_color_enhance_Nature_100nits=0.6820 0.3200 0.2650 0.6900 0.1450 0.0550 0.3065 0.3220 0.4545454545  0.6820 0.3200 0.2650 0.6900 0.1450 0.0550 0.3065 0.3220  0.4545454545  1  0  0  0  0  0  0  0.4545454545  1  0 0.03  0.12 0.10 0.01
AA610_P_3_A0034_dsc_video_mode_panel_game_color_enhance_Cinema_100nits=0.6874 0.3122 0.2392 0.7236 0.1378 0.0450 0.3065 0.3220 0.4545454545  0.6874 0.3122 0.2392 0.7236 0.1378 0.0450 0.3065 0.3220  0.4545454545  1  0  0  0  0  0  0  0.4545454545  1  0 0.03  0.12 0.10 0.01
AA610_P_3_A0034_dsc_video_mode_panel_game_color_enhance_LsRGB_100nits=0.6820  0.3200 0.2650 0.6900 0.1450 0.0550 0.3000 0.3155 0.4545454545  0.6820 0.3200 0.2650 0.6900 0.1450 0.0550 0.3000 0.3155  0.4545454545  1  0  0  0  0  0  0  0.4545454545  1  0 0.09  0.12 0.13 0.14
AA610_P_3_A0034_dsc_video_mode_panel_game_color_enhance_EsRGB_100nits=0.6874  0.3122 0.2392 0.7236 0.1378 0.0450 0.3000 0.3155 0.4545454545 20  1  0.6874  0.3122 0.2392 0.7236 0.1378 0.0450 0.3000 0.3155  0.4545454545  0.026  0.013  0.252  0.515  -24  0.04  0.02  0.252  0.515  -24  10
AA610_P_3_A0034_dsc_video_mode_panel_game_color_enhance_EP3_100nits=0.6874    0.3122 0.2392 0.7236 0.1378 0.0450 0.3000 0.3155 0.4545454545 20  1  0.6874  0.3122 0.2392 0.7236 0.1378 0.0450 0.3000 0.3155  0.4545454545  0.026  0.013  0.252  0.515  -24  0.04  0.02  0.252  0.515  -24  10

AA610_P_3_A0034_dsc_video_mode_panel_Vivid_2nits=0.6930 0.3200 0.2650 0.6892 0.1480 0.0570 0.3000 0.3160  0.454545455  0.6998 0.3200 0.2650 0.6900 0.1480 0.0570 0.3000 0.3160  0.454545455  1  0  0  0  0  0  0  0.454545455  1  0  0  0  -0.1  -0.1
AA610_P_3_A0034_dsc_video_mode_panel_Nature_2nits=0.6500 0.3150 0.2950 0.6100 0.1460 0.0560 0.3065 0.3220 0.4545454545  0.6450 0.3260 0.3000 0.6000 0.1530 0.0645 0.3065 0.3220  0.4545454545  1  0  0  0  0  0  0  0.4545454545  1  0  0  0  0  0
AA610_P_3_A0034_dsc_video_mode_panel_Cinema_2nits=0.6980 0.3212 0.2650 0.6892 0.1460 0.0560 0.3065 0.3220 0.4545454545  0.6998 0.3200 0.2650 0.6900 0.1460 0.0560 0.3065 0.3220  0.4545454545  1  0  0  0  0  0  0  0.4545454545  1  0  0  0  0  0
AA610_P_3_A0034_dsc_video_mode_panel_LsRGB_2nits=0.6440  0.3290  0.3000 0.6020 0.1450 0.0550 0.3000  0.3160 0.4545454545  0.6400 0.3300 0.3000 0.6000 0.1480 0.0580 0.3000  0.3160 0.4545454545  1  0.3 0.46  0  0  0  0  0.4545454545  1  0  0  0  0  0
AA610_P_3_A0034_dsc_video_mode_panel_EsRGB_2nits=0.6702  0.3250  0.2757 0.6826 0.1396 0.0468 0.3000  0.3160 0.4545454545 20  1  0.64  0.33  0.30  0.60  0.15  0.06  0.3000  0.3160 0.4545454545  0.026  0.013  0.252  0.515  -24  0.04  0.02  0.252  0.515  -24  10
AA610_P_3_A0034_dsc_video_mode_panel_EP3_2nits=0.6702  0.3250  0.2757 0.6826 0.1396 0.0468  0.3000  0.3160 0.4545454545 20  1  0.64  0.33  0.30  0.60  0.15  0.06   0.3000  0.3160 0.4545454545  0.026  0.013  0.252  0.515  -24  0.04  0.02  0.252  0.515  -24  10
AA610_P_3_A0034_dsc_video_mode_panel_game_color_enhance_Vivid_2nits=0.6874  0.3122 0.2392 0.7236 0.1378 0.0450 0.3000 0.3160 0.4545454545  0.6874 0.3122 0.2392 0.7236 0.1378 0.0450 0.3000 0.3160  0.4545454545  1  0  0  0  0  0  0  0.4545454545  1  0 0.085 0.12 0.13 0.14
AA610_P_3_A0034_dsc_video_mode_panel_game_color_enhance_Nature_2nits=0.6820 0.3200 0.2650 0.6900 0.1450 0.0550 0.3065 0.3220 0.4545454545  0.6820 0.3200 0.2650 0.6900 0.1450 0.0550 0.3065 0.3220  0.4545454545  1  0  0  0  0  0  0  0.4545454545  1  0 0.03  0.12 0.10 0.01
AA610_P_3_A0034_dsc_video_mode_panel_game_color_enhance_Cinema_2nits=0.6874 0.3122 0.2392 0.7236 0.1378 0.0450 0.3065 0.3220 0.4545454545  0.6874 0.3122 0.2392 0.7236 0.1378 0.0450 0.3065 0.3220  0.4545454545  1  0  0  0  0  0  0  0.4545454545  1  0 0.03  0.12 0.10 0.01
AA610_P_3_A0034_dsc_video_mode_panel_game_color_enhance_LsRGB_2nits=0.6820  0.3200 0.2650 0.6900 0.1450 0.0550 0.3000 0.3160 0.4545454545  0.6820 0.3200 0.2650 0.6900 0.1450 0.0550 0.3000 0.3160  0.4545454545  1  0  0  0  0  0  0  0.4545454545  1  0 0.09  0.12 0.13 0.14
AA610_P_3_A0034_dsc_video_mode_panel_game_color_enhance_EsRGB_2nits=0.6874  0.3122 0.2392 0.7236 0.1378 0.0450 0.3000 0.3160 0.4545454545 20  1  0.6874  0.3122 0.2392 0.7236 0.1378 0.0450 0.3000 0.3160  0.4545454545  0.026  0.013  0.252  0.515  -24  0.04  0.02  0.252  0.515  -24  10
AA610_P_3_A0034_dsc_video_mode_panel_game_color_enhance_EP3_2nits=0.6874    0.3122 0.2392 0.7236 0.1378 0.0450 0.3000 0.3160 0.4545454545 20  1  0.6874  0.3122 0.2392 0.7236 0.1378 0.0450 0.3000 0.3160  0.4545454545  0.026  0.013  0.252  0.515  -24  0.04  0.02  0.252  0.515  -24  10
